"","day","temp","nrm"
"2",6,28.4,0.430379746835443
"3",7,34.3,0.367088607594937
"4",1,30.6,0.0278481012658228
"5",2,4.5,0.0506329113924051
"6",3,9.2,0
"9",6,10.3,0.220253164556962
"10",7,8,0.364556962025316
"11",1,27.7,0.369620253164557
"12",2,26.3,0.263291139240506
"13",3,19.3,0.275949367088608
"14",4,13.5,0.435443037974684
"15",5,23.5,0.658227848101266
"16",6,29.3,0.524050632911392
"17",7,36.8,0.60253164556962
"18",1,38.7,0.493670886075949
"19",2,34,0.518987341772152
"20",3,36.6,0.734177215189873
"21",4,34.2,0.612658227848101
"22",5,32.2,0.630379746835443
"23",6,31.7,0.751898734177215
"24",7,35.1,0.640506329113924
"25",1,34.1,0.362025316455696
"26",2,25.9,0.387341772151899
"27",3,29.3,0.435443037974684
"28",4,28.7,0.362025316455696
"29",5,36.1,0.506329113924051
"30",6,29.7,0.534177215189873
"31",7,30.3,0.336708860759494
"32",1,31.8,0.149367088607595
"34",3,16.7,0.020253164556962
"35",4,25.4,0.187341772151899
"36",5,11.4,0.174683544303797
"37",6,20.2,0.488607594936709
"38",7,33.6,0.445569620253165
"39",1,38.5,0.283544303797468
"40",2,29.3,0.263291139240506
"41",3,28.4,0.318987341772152
"42",4,32.6,0.260759493670886
"43",5,18.3,0.273417721518987
"44",6,14.5,0.326582278481013
"45",7,21.1,0.237974683544304
"46",1,7.3,0.124050632911392
"47",2,12.8,0.0860759493670886
"48",3,18.2,0.237974683544304
"49",4,9.6,0.020253164556962
"51",6,7,0.374683544303797
"52",7,23.4,0.377215189873418
"53",1,24.3,0.227848101265823
"54",2,7.7,0.174683544303797
"55",3,13.9,0.316455696202532
"56",4,24.1,0.172151898734177
"57",5,20.2,0.0354430379746835
"58",6,10,0.341772151898734
"59",7,11,0.106329113924051
"60",1,22,0.643037974683544
"61",2,23.8,0.392405063291139
"62",3,30.7,0.336708860759494
"63",4,26.6,0.149367088607595
"64",5,15.2,0.275949367088608
"65",6,14.7,0.529113924050633
"66",7,34.1,0.491139240506329
"67",1,37.1,0.308860759493671
"68",2,40,0.564556962025316
"69",3,43.9,0.632911392405063
"70",4,44.7,0.615189873417721
"71",5,44.9,0.627848101265823
"72",6,50.6,0.787341772151899
"73",7,52.5,0.746835443037975
"74",1,47.6,0.69620253164557
"75",2,61.3,0.69873417721519
"76",3,44.1,0.478481012658228
"77",4,38.8,0.473417721518987
"78",5,44.4,0.541772151898734
"79",6,44,0.688607594936709
"80",7,43,0.470886075949367
"81",1,34.8,0.387341772151899
"82",2,31.4,0.225316455696203
"83",3,32.4,0.344303797468354
"84",4,40.7,0.556962025316456
"85",5,39.7,0.458227848101266
"86",6,30.8,0.562025316455696
"87",7,29.2,0.389873417721519
"88",1,34.9,0.293670886075949
"89",2,49.1,0.546835443037975
"90",3,50.1,0.481012658227848
"92",5,60.6,0.736708860759494
"93",6,52,0.524050632911392
"94",7,42.9,0.483544303797468
"95",1,56.3,0.430379746835443
"96",2,55,0.437974683544304
"97",3,43.6,0.253164556962025
"98",4,47.2,0.445569620253165
"99",5,54.6,0.367088607594937
"100",6,54.5,0.534177215189873
"101",7,50.5,0.549367088607595
"102",1,58.8,0.683544303797468
"103",2,63.3,0.587341772151899
"104",3,58.2,0.668354430379747
"105",4,56,0.749367088607595
"106",5,54.8,0.463291139240506
"107",6,62.4,0.713924050632911
"108",7,62.3,0.673417721518987
"109",1,57.5,0.506329113924051
"110",2,50.8,0.607594936708861
"111",3,47.6,0.40506329113924
"112",4,42.2,0.453164556962025
"113",5,44.5,0.577215189873418
"114",6,47.5,0.653164556962025
"115",7,45.9,0.486075949367089
"116",1,47.1,0.544303797468354
"117",2,49.1,0.551898734177215
"118",3,49.1,0.544303797468354
"119",4,52.3,0.665822784810127
"120",5,48,0.412658227848101
"122",7,64.9,0.463291139240506
"123",1,70.1,0.612658227848101
"124",2,67.8,0.69873417721519
"125",3,56.1,0.488607594936709
"126",4,60.1,0.59746835443038
"127",5,71.2,0.817721518987342
"128",6,73.9,0.769620253164557
"129",7,60.4,0.460759493670886
"130",1,50.3,0.60253164556962
"131",2,59.9,0.620253164556962
"132",3,54.2,0.643037974683544
"133",4,49.6,0.668354430379747
"134",5,55.3,0.637974683544304
"135",6,67.6,0.807594936708861
"136",7,72.9,0.959493670886076
"137",1,74.9,0.843037974683544
"138",2,74.6,0.645569620253165
"139",3,51.4,0.516455696202532
"140",4,46.2,0.572151898734177
"141",5,54.7,0.612658227848101
"142",6,60.5,0.812658227848101
"143",7,65.7,0.746835443037975
"144",1,68.8,0.465822784810127
"145",2,74.3,0.518987341772152
"146",3,73.3,0.678481012658228
"147",4,70.9,0.592405063291139
"148",5,72,0.751898734177215
"149",6,75.7,0.822784810126582
"150",7,66,0.546835443037975
"151",1,48.7,0.412658227848101
"153",3,58,0.681012658227848
"154",4,65.3,0.693670886075949
"155",5,71,0.551898734177215
"156",6,66.8,0.716455696202532
"157",7,62.4,0.645569620253165
"158",1,68.2,0.59746835443038
"159",2,74.9,0.450632911392405
"160",3,72,0.577215189873418
"161",4,81.7,0.734177215189873
"162",5,72.1,0.756962025316456
"163",6,65.9,0.822784810126582
"164",7,69.7,0.784810126582278
"165",1,75.9,0.739240506329114
"166",2,76.4,0.59746835443038
"167",3,70.4,0.870886075949367
"168",4,63.5,0.554430379746835
"169",5,74.5,0.670886075949367
"170",6,63.1,0.688607594936709
"171",7,67.4,0.665822784810127
"172",1,76.8,0.708860759493671
"173",2,78.3,0.70126582278481
"174",3,77.2,0.579746835443038
"175",4,72.3,0.569620253164557
"176",5,73.4,0.711392405063291
"177",6,66.3,0.711392405063291
"178",7,66.5,0.556962025316456
"179",1,70,0.744303797468354
"180",2,70.6,0.627848101265823
"181",3,70.7,0.620253164556962
"182",4,62.6,0.974683544303797
"183",5,62.8,0.643037974683544
"184",6,68,0.670886075949367
"185",7,72.2,0.865822784810127
"186",1,76,1
"187",2,78.4,0.643037974683544
"188",3,69,0.50126582278481
"189",4,62.5,0.544303797468354
"190",5,66.3,0.425316455696203
"191",6,71.5,0.59746835443038
"192",7,73.7,0.746835443037975
"193",1,75,0.754430379746835
"194",2,78,0.706329113924051
"195",3,78,0.526582278481013
"196",4,68.2,0.739240506329114
"197",5,69.4,0.430379746835443
"198",6,80,0.815189873417722
"199",7,82.5,0.691139240506329
"200",1,82.1,0.660759493670886
"201",2,77.6,0.69620253164557
"202",3,77.1,0.691139240506329
"203",4,75.9,0.686075949367089
"204",5,77.7,0.777215189873418
"205",6,79.2,0.921518987341772
"206",7,80.8,0.830379746835443
"207",1,77.4,0.756962025316456
"208",2,80.3,0.840506329113924
"209",3,82.9,0.668354430379747
"210",4,83.3,0.658227848101266
"211",5,80,0.688607594936709
"212",6,80.7,0.70379746835443
"214",1,82.5,0.807594936708861
"215",2,77.8,0.572151898734177
"216",3,75,0.653164556962025
"217",4,75.6,0.681012658227848
"218",5,76.2,0.774683544303797
"219",6,76.4,0.850632911392405
"220",7,78.1,0.875949367088608
"221",1,74.6,0.612658227848101
"222",2,77.8,0.772151898734177
"223",3,75,0.729113924050633
"224",4,72.7,0.650632911392405
"225",5,75.6,0.711392405063291
"226",6,79.4,0.772151898734177
"227",7,78,0.812658227848101
"228",1,80.7,0.916455696202532
"229",2,81.2,0.60253164556962
"230",3,75.8,0.655696202531646
"231",4,73.9,0.731645569620253
"232",5,67.2,0.848101265822785
"233",6,71.7,0.89873417721519
"234",7,75.3,0.865822784810127
"235",1,74.1,0.767088607594937
"236",2,67.4,0.559493670886076
"237",3,65.4,0.668354430379747
"238",4,64.2,0.731645569620253
"239",5,65.5,0.660759493670886
"240",6,68.8,0.767088607594937
"241",7,70.8,0.650632911392405
"242",1,71,0.751898734177215
"243",2,74.8,0.612658227848101
"245",4,82.2,0.754430379746835
"246",5,83.9,0.941772151898734
"247",6,76.9,0.789873417721519
"248",7,76.9,0.663291139240506
"249",1,82.8,0.79746835443038
"250",2,83.6,0.772151898734177
"251",3,80,0.541772151898734
"252",4,72.4,0.526582278481013
"253",5,66.6,0.392405063291139
"254",6,63.4,0.475949367088608
"255",7,59.2,0.559493670886076
"256",1,60.3,0.584810126582278
"257",2,67.4,0.726582278481013
"258",3,73.7,0.779746835443038
"259",4,73.5,0.665822784810127
"260",5,75,0.541772151898734
"261",6,74.2,0.729113924050633
"262",7,66.8,0.731645569620253
"263",1,62.4,0.779746835443038
"264",2,64.5,0.587341772151899
"265",3,67.8,0.691139240506329
"266",4,70.6,0.835443037974684
"267",5,69.7,0.539240506329114
"268",6,69.6,0.777215189873418
"269",7,69.2,0.731645569620253
"270",1,70.1,0.756962025316456
"271",2,72.4,0.632911392405063
"272",3,67.6,0.420253164556962
"273",4,59.2,0.443037974683544
"274",5,57.4,0.972151898734177
"275",6,56.6,0.749367088607595
"276",7,52.9,0.518987341772152
"277",1,53.4,0.379746835443038
"278",2,58.4,0.637974683544304
"279",3,60.8,0.630379746835443
"280",4,62.3,0.544303797468354
"281",5,64.5,0.50126582278481
"282",6,62,0.739240506329114
"283",7,55.6,0.569620253164557
"284",1,63.3,0.587341772151899
"285",2,68.2,0.574683544303797
"286",3,57.5,0.60253164556962
"287",4,54.4,0.660759493670886
"288",5,57.3,0.792405063291139
"289",6,51.1,0.584810126582278
"290",7,44.8,0.513924050632911
"291",1,46.8,0.435443037974684
"292",2,57.7,0.721518987341772
"293",3,65,0.713924050632911
"294",4,66.2,0.736708860759494
"295",5,61.2,0.686075949367089
"296",6,57.4,0.693670886075949
"297",7,63.8,0.663291139240506
"298",1,52.8,0.569620253164557
"299",2,52.2,0.70379746835443
"300",3,54.7,0.374683544303797
"301",4,53.8,0.453164556962025
"302",5,42.2,0.420253164556962
"303",6,46.9,0.691139240506329
"304",7,48.8,0.551898734177215
"306",2,60.3,0.713924050632911
"307",3,61,0.622784810126582
"308",4,60.3,0.729113924050633
"309",5,65.6,0.635443037974683
"310",6,55.8,0.617721518987342
"311",7,46.4,0.475949367088608
"312",1,44,0.511392405063291
"313",2,46.1,0.458227848101266
"314",3,48.9,0.346835443037975
"315",4,51.7,0.463291139240506
"316",5,49.7,0.481012658227848
"317",6,43.3,0.445569620253165
"318",7,42.3,0.488607594936709
"319",1,54.1,0.554430379746835
"320",2,53.1,0.610126582278481
"321",3,53.1,0.415189873417722
"322",4,60.1,0.455696202531646
"323",5,46,0.488607594936709
"324",6,38.2,0.534177215189873
"325",7,33.6,0.0632911392405063
"326",1,21.4,0.0430379746835443
"327",2,31,0.372151898734177
"328",3,34.7,0.263291139240506
"329",4,44.7,0.29620253164557
"330",5,55,0.217721518987342
"331",6,47.6,0.278481012658228
"332",7,39,0.392405063291139
"333",1,36.8,0.275949367088608
"334",2,42.1,0.412658227848101
"335",3,43.5,0.739240506329114
"336",4,36.5,0.539240506329114
"337",5,34.2,0.524050632911392
"338",6,38.3,0.49873417721519
"339",7,36.3,0.516455696202532
"340",1,38.7,0.465822784810127
"341",2,37.2,0.470886075949367
"342",3,41.9,0.582278481012658
"343",4,48.2,0.460759493670886
"344",5,50,0.473417721518987
"345",6,49.1,0.605063291139241
"346",7,55.3,0.630379746835443
"347",1,59.7,0.372151898734177
"348",2,56.5,0.59746835443038
"349",3,43.2,0.734177215189873
"350",4,45.1,0.554430379746835
"351",5,34.9,0.569620253164557
"352",6,29.8,0.379746835443038
"353",7,25.3,0.412658227848101
"354",1,37.8,0.481012658227848
"355",2,47.8,0.372151898734177
"356",3,41.6,0.483544303797468
"357",4,50.6,0.635443037974683
"358",5,43.2,0.435443037974684
"360",7,41.6,0.346835443037975
"361",1,41.2,0.313924050632911
"362",2,35.4,0.0329113924050633
"363",3,35.5,0.306329113924051
"364",4,30.3,0.253164556962025
"365",5,28.5,0.270886075949367
"367",7,28.6,0.16710182767624
"368",1,28.8,0.276762402088773
"369",2,28.5,0.297650130548303
"370",3,27.5,0.300261096605744
"371",4,31.1,0.297650130548303
"372",5,38.6,0.506527415143603
"373",6,41.9,0.600522193211488
"374",7,40.5,0.360313315926893
"375",1,20.6,0.221932114882507
"376",2,8.3,0.00261096605744125
"377",3,16.2,0.0939947780678851
"378",4,9,0.370757180156658
"379",5,33.9,0.579634464751958
"380",6,41.1,0.577023498694517
"381",7,30.4,0.362924281984334
"382",1,9.6,0.0652741514360313
"383",2,2.8,0.00783289817232376
"384",3,8.1,0.255874673629243
"385",4,18.8,0.279373368146214
"386",5,21.3,0.318537859007833
"387",6,27.3,0.493472584856397
"388",7,30,0.548302872062663
"389",1,29.1,0.425587467362924
"390",2,34.3,0.605744125326371
"391",3,33.5,0.33420365535248
"392",4,29.1,0.409921671018277
"393",5,35.7,0.62402088772846
"394",6,30.5,0.610966057441253
"395",7,39.9,0.600522193211488
"396",1,44.6,0.399477806788512
"397",2,37.1,0.887728459530026
"398",3,37.1,0.266318537859008
"399",4,37.3,0.443864229765013
"400",5,28.1,0.412532637075718
"401",6,30.5,0.386422976501305
"402",7,32.3,0.477806788511749
"403",1,39.8,0.274151436031332
"404",2,32.4,0.151436031331593
"405",3,20.4,0.0861618798955614
"406",4,15.2,0.138381201044386
"407",5,15.4,0.182767624020888
"408",6,21,0.349869451697128
"409",7,11.5,0.221932114882507
"410",1,15.8,0.00522193211488251
"411",2,22.5,0.107049608355091
"412",3,29.2,0.295039164490862
"413",4,30.8,0.336814621409922
"414",5,32.5,0.441253263707572
"415",6,50.2,0.68668407310705
"416",7,51.2,0.496083550913838
"417",1,41.5,0.506527415143603
"418",2,36.7,0.331592689295039
"419",3,37.9,0.308093994778068
"420",4,36.4,0.172323759791123
"421",5,34.4,0.488250652741514
"422",6,32.7,0.595300261096606
"423",7,38.1,0.467362924281984
"424",1,52.2,0.29242819843342
"425",2,42.1,0.349869451697128
"426",3,29.8,0.796344647519582
"427",4,23.2,0.248041775456919
"428",5,31.2,0.27154046997389
"429",6,31.9,0.496083550913838
"430",7,34.6,0.488250652741514
"431",1,40.8,0.527415143603133
"432",2,52.6,0.738903394255875
"433",3,63.2,0.550913838120104
"434",4,62.1,0.436031331592689
"435",5,50.1,0.532637075718016
"436",6,44.1,0.577023498694517
"437",7,46.1,0.610966057441253
"438",1,48,0.302872062663185
"439",2,46.3,0.449086161879896
"440",3,52.1,0.524804177545692
"441",4,54.7,0.608355091383812
"442",5,50,0.590078328981723
"443",6,42.9,0.72845953002611
"444",7,39.5,0.488250652741514
"445",1,38.8,0.451697127937337
"446",2,40.1,0.488250652741514
"447",3,52.1,0.548302872062663
"448",4,45.7,0.454308093994778
"449",5,38.7,0.430809399477807
"450",6,35.8,0.532637075718016
"451",7,42.7,0.5822454308094
"452",1,50.2,0.310704960835509
"453",2,46.2,0.597911227154047
"454",3,45.9,0.592689295039164
"455",4,51.4,0.532637075718016
"456",5,60.9,0.631853785900783
"457",6,45.1,0.819843342036554
"458",7,36.8,0.362924281984334
"459",1,43.1,0.506527415143603
"460",2,40.4,0.386422976501305
"461",3,36.1,0.425587467362924
"462",4,46.3,0.386422976501305
"463",5,41.3,0.600522193211488
"464",6,38.9,0.297650130548303
"465",7,31.1,0.462140992167102
"466",1,39.1,0.501305483028721
"467",2,49.3,0.428198433420366
"468",3,41.4,0.493472584856397
"469",4,44.7,0.527415143603133
"470",5,50.2,0.464751958224543
"471",6,55.2,0.780678851174935
"472",7,61,0.579634464751958
"473",1,64.7,0.511749347258486
"474",2,68.2,0.590078328981723
"475",3,55.9,0.498694516971279
"476",4,61.5,0.462140992167102
"477",5,62.8,0.527415143603133
"478",6,52.2,0.566579634464752
"479",7,49.4,0.472584856396867
"480",1,59.6,0.634464751958224
"481",2,72.6,0.642297650130548
"482",3,54.5,0.472584856396867
"483",4,46.4,0.389033942558747
"484",5,47.7,0.571801566579634
"485",6,46.7,0.540469973890339
"486",7,46.6,0.242819843342037
"487",1,46.9,0.801566579634465
"488",2,49.8,0.639686684073107
"489",3,55,0.584856396866841
"490",4,52.2,0.443864229765013
"491",5,49.5,0.483028720626632
"492",6,61.6,0.736292428198433
"493",7,65.1,0.60313315926893
"494",1,57.2,0.566579634464752
"495",2,57.2,0.571801566579634
"496",3,57.4,0.524804177545692
"497",4,60.4,0.642297650130548
"498",5,63.4,0.464751958224543
"499",6,59.3,0.772845953002611
"500",7,47.7,0.550913838120104
"501",1,47.3,0.592689295039164
"502",2,57.1,0.704960835509138
"503",3,55.4,0.469973890339426
"504",4,54.2,0.751958224543081
"505",5,57.5,0.657963446475196
"506",6,60.8,0.762402088772846
"507",7,64.5,0.731070496083551
"508",1,67.2,0.621409921671018
"509",2,68.5,0.704960835509138
"510",3,75.7,0.759791122715405
"511",4,77.9,0.543080939947781
"512",5,73.2,0.663185378590078
"513",6,76.1,0.751958224543081
"514",7,75.1,0.72845953002611
"515",1,74.9,0.746736292428198
"516",2,75.9,0.804177545691906
"517",3,73.4,0.637075718015666
"519",5,72.6,0.751958224543081
"520",6,72.7,0.809399477806789
"521",7,72.1,0.822454308093995
"522",1,70.5,0.691906005221932
"523",2,73,0.731070496083551
"524",3,64,0.631853785900783
"525",4,61.5,0.605744125326371
"526",5,63.9,0.556135770234987
"527",6,77.2,0.660574412532637
"528",7,85.2,0.793733681462141
"529",1,72.8,0.882506527415144
"530",2,71.1,0.736292428198433
"531",3,77.2,0.843342036553525
"532",4,80.6,0.725848563968668
"533",5,75.2,0.806788511749347
"534",6,72.5,0.827676240208877
"535",7,76.3,0.655352480417755
"536",1,80.4,0.780678851174935
"537",2,84.6,0.903394255874674
"538",3,77.1,0.814621409921671
"539",4,73.3,0.618798955613577
"540",5,72.3,0.754569190600522
"541",6,73.3,0.77023498694517
"542",7,79.5,0.785900783289817
"543",1,82.8,0.684073107049608
"544",2,81.9,0.678851174934726
"545",3,69.3,0.66579634464752
"546",4,67.9,0.762402088772846
"547",5,72.3,0.87467362924282
"549",7,67.9,0.637075718015666
"550",1,70.4,0.704960835509138
"551",2,71.9,0.87467362924282
"552",3,77.2,1
"553",4,79.1,0.600522193211488
"554",5,78.4,0.725848563968668
"555",6,78.6,0.725848563968668
"556",7,74.5,0.566579634464752
"557",1,74.2,0.647519582245431
"558",2,81.3,0.493472584856397
"559",3,82.9,0.699738903394256
"560",4,79.1,0.558746736292428
"561",5,76.5,0.671018276762402
"562",6,72.6,0.872062663185379
"563",7,69.3,0.699738903394256
"564",1,73.9,0.723237597911227
"565",2,78.8,0.74934725848564
"566",3,79.6,0.72845953002611
"567",4,80.7,0.814621409921671
"568",5,82.5,0.710182767624021
"569",6,81.1,0.72845953002611
"570",7,86,0.785900783289817
"571",1,80.4,0.725848563968668
"572",2,79.6,0.822454308093995
"573",3,80.9,0.953002610966057
"574",4,81.5,0.738903394255875
"575",5,78.8,0.684073107049608
"576",6,75.3,0.754569190600522
"578",1,74.4,0.785900783289817
"579",2,76.5,0.960835509138381
"580",3,79.2,0.72845953002611
"581",4,81.8,0.678851174934726
"582",5,83.5,0.733681462140992
"583",6,80.1,0.913838120104439
"584",7,76.6,0.825065274151436
"585",1,75.6,0.851174934725849
"586",2,78.6,0.759791122715405
"587",3,79.9,0.556135770234987
"588",4,83.1,0.548302872062663
"589",5,84.6,0.887728459530026
"590",6,81.5,0.610966057441253
"591",7,78.4,0.819843342036554
"592",1,78.4,0.861618798955614
"593",2,75.5,0.861618798955614
"594",3,76.4,0.793733681462141
"595",4,79.1,0.913838120104439
"596",5,79.1,0.66579634464752
"597",6,76.6,0.733681462140992
"598",7,75.8,0.866840731070496
"599",1,68.5,0.715404699738903
"600",2,69.6,0.563968668407311
"601",3,73.6,0.626631853785901
"602",4,76.9,0.81201044386423
"603",5,77.9,0.673629242819843
"604",6,74.2,0.759791122715405
"605",7,75.9,0.801566579634465
"606",1,78.5,0.765013054830287
"607",2,78.4,0.966057441253264
"608",3,78.9,0.634464751958224
"609",4,74.6,0.697127937336815
"611",6,69.8,0.74934725848564
"612",7,70.2,0.830287206266319
"613",1,72.2,0.697127937336815
"614",2,77.6,0.806788511749347
"615",3,83.8,0.650130548302872
"616",4,85.1,0.550913838120104
"617",5,77.3,0.736292428198433
"618",6,75.2,0.798955613577023
"619",7,70.3,0.66579634464752
"620",1,66.8,0.642297650130548
"621",2,70.7,0.733681462140992
"622",3,74.4,0.715404699738903
"623",4,71.6,0.804177545691906
"624",5,70.8,0.81201044386423
"625",6,74.1,0.767624020887728
"626",7,74.8,0.840731070496084
"627",1,72,0.702349869451697
"628",2,74.9,0.522193211488251
"629",3,77.3,0.731070496083551
"630",4,73.1,0.571801566579634
"631",5,75,0.83289817232376
"632",6,74,0.864229765013055
"633",7,70.8,0.838120104438642
"634",1,74,0.775456919060052
"635",2,67.8,0.657963446475196
"636",3,62.4,0.5822454308094
"637",4,57.3,0.318537859007833
"638",5,62.7,0.496083550913838
"639",6,63.3,0.678851174934726
"640",7,62.1,0.908616187989556
"641",1,61.9,0.509138381201044
"642",2,63.7,0.678851174934726
"643",3,66.7,0.60313315926893
"644",4,72.2,0.765013054830287
"645",5,67.8,0.631853785900783
"646",6,67,0.91644908616188
"647",7,54.1,0.530026109660574
"648",1,56.7,0.443864229765013
"649",2,59.8,0.548302872062663
"650",3,66.5,0.483028720626632
"651",4,63.8,0.608355091383812
"652",5,49.6,0.472584856396867
"653",6,53.9,0.806788511749347
"654",7,61.4,0.81201044386423
"655",1,69.4,0.723237597911227
"656",2,73.6,0.796344647519582
"657",3,74.3,0.684073107049608
"658",4,62.3,0.522193211488251
"659",5,57,0.535248041775457
"660",6,49.5,0.647519582245431
"661",7,48,0.681462140992167
"662",1,58,0.712793733681462
"663",2,54.3,0.671018276762402
"664",3,48.5,0.5822454308094
"665",4,48.3,0.485639686684073
"666",5,49,0.566579634464752
"667",6,51.6,0.757180156657963
"668",7,67.1,0.83289817232376
"669",1,56.2,0.715404699738903
"670",2,50.4,0.926892950391645
"672",4,64.6,0.618798955613577
"673",5,57.8,0.70757180156658
"674",6,54.9,0.70757180156658
"675",7,56.1,0.806788511749347
"676",1,58.3,0.629242819843342
"677",2,57.6,0.587467362924282
"678",3,57.1,0.344647519582245
"679",4,51.5,0.438642297650131
"680",5,51.3,0.550913838120104
"681",6,51.4,0.744125326370757
"682",7,45.3,0.702349869451697
"683",1,45.7,0.386422976501305
"684",2,49,0.412532637075718
"685",3,48.2,0.522193211488251
"686",4,49.6,0.673629242819843
"687",5,58.2,0.778067885117493
"688",6,62.8,0.736292428198433
"689",7,38.9,0.428198433420366
"690",1,30.6,0.394255874673629
"691",2,32,0.446475195822454
"692",3,35.5,0.548302872062663
"693",4,40.7,0.488250652741514
"694",5,41.3,0.0574412532637076
"695",6,39,0.462140992167102
"696",7,40,0.540469973890339
"697",1,39.4,0.472584856396867
"698",2,46.3,0.472584856396867
"699",3,51.5,0.485639686684073
"700",4,42.1,0.483028720626632
"701",5,38.9,0.806788511749347
"702",6,38.6,0.838120104438642
"703",7,34.5,0.642297650130548
"704",1,33,0.216710182767624
"705",2,33.4,0.428198433420366
"706",3,34.2,0.459530026109661
"707",4,28.1,0.386422976501305
"708",5,22.3,0.245430809399478
"709",6,23.8,0.407310704960835
"710",7,22,0.261096605744125
"711",1,27.6,0
"712",2,27,0.305483028720627
"713",3,18.4,0.161879895561358
"714",4,11.7,0.255874673629243
"715",5,5.8,0.177545691906005
"716",6,14.4,0.477806788511749
"717",7,23.1,0.266318537859008
"718",1,13.4,0.0365535248041775
"719",2,2.2,0.386422976501305
"720",3,21,0.472584856396867
"721",4,28.1,0.563968668407311
"722",5,35.6,0.496083550913838
"723",6,32.2,0.563968668407311
"724",7,35.8,0.240208877284595
"726",2,47.4,0.352480417754569
"727",3,29.9,0.394255874673629
"728",4,32.7,0.548302872062663
"729",5,35,0.352480417754569
"730",6,30.9,0.600522193211488
"731",7,37.4,0.501305483028721
"733",2,36.1,0.282776349614396
"734",3,40.3,0.55012853470437
"735",4,19.1,0.280205655526992
"736",5,10.9,0.275064267352185
"737",6,5.9,0.251928020565553
"738",7,8.3,0.295629820051414
"739",1,10.9,0.223650385604113
"740",2,23.1,0.539845758354756
"741",3,39.8,0.519280205655527
"742",4,33.9,0.408740359897172
"743",5,28.4,0.362467866323907
"744",6,22.9,0.760925449871465
"745",7,30.1,0.467866323907455
"746",1,28.1,0.393316195372751
"747",2,34.3,0.383033419023136
"748",3,36.7,0.519280205655527
"749",4,33.6,0.524421593830334
"750",5,35.6,0.604113110539846
"751",6,38.7,0.719794344473008
"752",7,49.6,0.727506426735218
"753",1,43.9,0.61439588688946
"754",2,40.7,0.735218508997429
"755",3,38.4,0.598971722365039
"756",4,38.9,0.629820051413882
"757",5,34.3,0.439588688946015
"758",6,29,0.722365038560411
"759",7,27.7,0.583547557840617
"760",1,27.6,0.334190231362468
"761",2,24.1,0.650385604113111
"762",3,38.2,0.593830334190231
"763",4,35.9,0.879177377892031
"764",5,22,0.429305912596401
"765",6,20.7,0.424164524421594
"766",7,24.1,0.347043701799486
"767",1,34,0.493573264781491
"768",2,37.3,0.665809768637532
"769",3,46,0.48586118251928
"770",4,32.2,0.419023136246787
"771",5,20.2,0.424164524421594
"772",6,26.7,0.619537275064267
"773",7,42.7,0.516709511568123
"774",1,41.3,0.447300771208226
"775",2,36.1,0.552699228791774
"776",3,41.4,0.537275064267352
"777",4,34.4,0.437017994858612
"778",5,35.1,0.431876606683805
"779",6,46.4,0.840616966580977
"780",7,56.9,0.627249357326478
"781",1,51.4,0.439588688946015
"782",2,55.1,0.532133676092545
"783",3,59.7,0.44987146529563
"784",4,57.9,0.51413881748072
"785",5,51.6,0.390745501285347
"786",6,40.8,0.403598971722365
"787",7,30.4,0.246786632390745
"788",1,33.1,0.187660668380463
"789",2,42.8,0.334190231362468
"790",3,52,0.329048843187661
"791",4,47.3,0.609254498714653
"792",5,32.4,0.32133676092545
"793",6,27.8,0.437017994858612
"794",7,33.7,0.334190231362468
"795",1,42.4,0.408740359897172
"796",2,54.6,0.462724935732648
"797",3,54.5,0.460154241645244
"798",4,46.3,0.42159383033419
"799",5,39.3,0.444730077120823
"800",6,31.8,0.419023136246787
"801",7,24,0.398457583547558
"802",1,27.1,0.12853470437018
"803",2,29,0.0976863753213368
"805",4,24.1,0.264781491002571
"806",5,29.8,0.424164524421594
"807",6,39,0.529562982005141
"808",7,42.4,0.439588688946015
"809",1,41.5,0.259640102827764
"810",2,47.9,0.493573264781491
"811",3,43.3,0.377892030848329
"812",4,32.3,0.370179948586118
"813",5,37.8,0.419023136246787
"814",6,59.9,0.70694087403599
"815",7,43.7,0.493573264781491
"816",1,53.1,0.511568123393316
"817",2,50,0.562982005141388
"818",3,43.1,0.437017994858612
"819",4,42.3,0.426735218508997
"820",5,44.1,0.480719794344473
"821",6,39.6,0.704370179948586
"822",7,44.2,0.830334190231362
"823",1,50.3,0.480719794344473
"824",2,49.3,0.496143958868895
"825",3,48.6,0.537275064267352
"826",4,44.9,0.334190231362468
"827",5,42.9,0.424164524421594
"828",6,43.8,0.516709511568123
"829",7,51.2,0.496143958868895
"830",1,64.8,0.663239074550129
"831",2,68,0.460154241645244
"832",3,47.7,0.51413881748072
"833",4,48.2,0.573264781491003
"834",5,50.9,0.416452442159383
"835",6,55.4,0.694087403598972
"836",7,70.3,0.80719794344473
"837",1,67.8,0.470437017994859
"838",2,59.7,0.640102827763496
"839",3,58.1,0.596401028277635
"840",4,64.5,0.655526992287918
"841",5,58.4,0.539845758354756
"842",6,50.6,0.799485861182519
"843",7,50.3,0.508997429305913
"844",1,54.9,0.51413881748072
"845",2,57.7,0.598971722365039
"846",3,66.4,0.652956298200514
"847",4,71.3,0.655526992287918
"848",5,54.6,0.547557840616967
"849",6,49.6,0.845758354755784
"850",7,45.6,0.287917737789203
"851",1,45.2,0.393316195372751
"852",2,51.7,0.920308483290488
"853",3,46.1,0.478149100257069
"854",4,48.1,0.606683804627249
"855",5,48.9,0.611825192802057
"856",6,49,0.755784061696658
"857",7,50.5,0.539845758354756
"858",1,48,0.323907455012853
"859",2,46.6,0.519280205655527
"860",3,48.3,0.524421593830334
"861",4,55.4,0.411311053984576
"862",5,54.7,0.596401028277635
"863",6,59,0.886889460154242
"864",7,63.2,0.568123393316195
"865",1,63.3,0.537275064267352
"866",2,64.9,0.946015424164524
"867",3,76.9,0.627249357326478
"868",4,78.9,0.850899742930591
"869",5,75.5,0.699228791773779
"870",6,48.3,0.701799485861183
"871",7,53.3,0.413881748071979
"872",1,62.1,0.740359897172236
"873",2,59.1,0.750642673521851
"874",3,60.9,0.604113110539846
"875",4,57,0.665809768637532
"876",5,58.3,0.668380462724936
"877",6,60.8,0.67866323907455
"878",7,63.4,0.763496143958869
"879",1,67,0.519280205655527
"880",2,70.1,0.681233933161954
"881",3,66,0.799485861182519
"882",4,64.8,0.606683804627249
"883",5,67.1,0.992287917737789
"884",6,71.9,0.868894601542416
"885",7,75.2,0.822622107969152
"886",1,81,0.814910025706941
"887",2,71.3,0.601542416452442
"888",3,64.8,0.827763496143959
"889",4,67,0.730077120822622
"890",5,70.4,0.683804627249357
"891",6,75.6,0.804627249357326
"892",7,76.1,0.724935732647815
"893",1,82.1,0.796915167095116
"894",2,84.7,0.611825192802057
"895",3,80.3,0.781491002570694
"896",4,77.7,0.683804627249357
"897",5,77.2,0.822622107969152
"898",6,77.8,0.853470437017995
"899",7,80.5,0.830334190231362
"900",1,75.6,0.727506426735218
"901",2,70.7,0.622107969151671
"902",3,66.6,0.768637532133676
"903",4,68.5,0.727506426735218
"904",5,79.3,0.812339331619537
"905",6,76.7,0.704370179948586
"906",7,70,0.812339331619537
"907",1,65.4,0.755784061696658
"908",2,64.7,0.730077120822622
"909",3,65.3,0.691516709511568
"910",4,69.8,0.524421593830334
"911",5,76.2,0.701799485861183
"912",6,73.7,0.70694087403599
"914",1,75.4,0.712082262210797
"915",2,75.2,0.925449871465296
"916",3,74.5,0.753213367609255
"917",4,78.3,0.912596401028278
"918",5,82.2,0.7146529562982
"919",6,81.5,0.655526992287918
"920",7,71.5,0.658097686375321
"921",1,74.7,0.820051413881748
"922",2,78.2,0.709511568123393
"923",3,78.2,0.683804627249357
"924",4,77.3,0.480719794344473
"925",5,78.4,0.812339331619537
"926",6,72.2,0.758354755784062
"927",7,71,0.992287917737789
"928",1,73.1,0.794344473007712
"929",2,69.2,0.879177377892031
"930",3,76,0.74293059125964
"931",4,80.5,0.681233933161954
"932",5,77.3,0.660668380462725
"933",6,81.5,0.655526992287918
"934",7,78,0.647814910025707
"935",1,80.3,0.87146529562982
"936",2,71.5,0.7146529562982
"937",3,73.1,0.892030848329049
"938",4,76.6,0.640102827763496
"939",5,78.6,0.737789203084833
"940",6,74.2,0.894601542416452
"941",7,72.7,0.763496143958869
"942",1,73.5,0.809768637532134
"943",2,76.8,0.745501285347044
"945",4,77.2,0.696658097686375
"946",5,76.8,0.889460154241645
"949",1,71.9,0.930591259640103
"950",2,70.5,0.694087403598972
"951",3,70.4,0.681233933161954
"952",4,74.6,0.683804627249357
"953",5,75.6,0.737789203084833
"954",6,74,0.673521850899743
"955",7,69.4,0.794344473007712
"956",1,69.3,0.583547557840617
"957",2,74,0.802056555269923
"958",3,76.5,0.750642673521851
"959",4,77.1,0.750642673521851
"960",5,78.3,0.681233933161954
"961",6,75.1,0.915167095115681
"962",7,74.8,1
"963",1,77.2,0.701799485861183
"964",2,79.5,0.645244215938303
"965",3,75.2,0.712082262210797
"966",4,69.5,0.627249357326478
"967",5,67.7,0.766066838046273
"968",6,64.4,0.694087403598972
"969",7,68.6,0.712082262210797
"970",1,70.3,0.647814910025707
"971",2,70.6,0.475578406169666
"972",3,70,0.568123393316195
"973",4,70.3,0.732647814910026
"974",5,70.1,0.596401028277635
"976",7,64,0.688946015424165
"977",1,68.4,0.652956298200514
"978",2,73.5,0.547557840616967
"979",3,64.1,0.516709511568123
"980",4,58.4,0.372750642673522
"981",5,60.6,0.57840616966581
"982",6,63.5,0.511568123393316
"983",7,64.5,0.596401028277635
"984",1,62.5,0.606683804627249
"985",2,64,0.483290488431877
"986",3,67,0.573264781491003
"987",4,67.6,0.521850899742931
"988",5,67.9,0.593830334190231
"989",6,74.9,0.784061696658098
"990",7,77.8,0.830334190231362
"991",1,78.4,0.794344473007712
"992",2,69.2,0.691516709511568
"993",3,70.3,0.526992287917738
"994",4,76.7,0.832904884318766
"995",5,84,0.781491002570694
"996",6,85.2,0.758354755784062
"997",7,84.4,0.840616966580977
"998",1,82.3,0.791773778920309
"999",2,81.1,0.817480719794344
"1000",3,82,0.632390745501285
"1001",4,70.8,0.573264781491003
"1002",5,62.9,0.55012853470437
"1003",6,64.3,0.789203084832905
"1004",7,61.8,0.622107969151671
"1005",1,61.5,0.894601542416452
"1006",2,70.5,0.640102827763496
"1007",3,72.2,0.604113110539846
"1008",4,70.7,0.61439588688946
"1009",5,65.9,0.627249357326478
"1010",6,65.2,0.629820051413882
"1011",7,70.5,0.534704370179949
"1012",1,65.5,0.552699228791774
"1013",2,67.5,0.624678663239075
"1014",3,63.9,0.51413881748072
"1015",4,59.5,0.29305912596401
"1016",5,58.1,0.673521850899743
"1017",6,62.1,0.681233933161954
"1018",7,64.6,0.370179948586118
"1019",1,60.9,0.349614395886889
"1020",2,52.3,0.663239074550129
"1021",3,57.4,0.555269922879177
"1022",4,60,0.696658097686375
"1023",5,61.1,0.694087403598972
"1024",6,64.7,0.889460154241645
"1025",7,68.6,0.799485861182519
"1026",1,66,0.604113110539846
"1027",2,53.1,0.609254498714653
"1028",3,47.8,0.478149100257069
"1029",4,44.8,0.542416452442159
"1030",5,48.2,0.645244215938303
"1031",6,45.3,0.809768637532134
"1032",7,38.7,0.55012853470437
"1033",1,40,0.496143958868895
"1034",2,45,0.526992287917738
"1035",3,37.8,0.652956298200514
"1036",4,39.8,0.814910025706941
"1037",5,47.6,0.562982005141388
"1038",6,45.9,0.735218508997429
"1039",7,46,0.645244215938303
"1040",1,51.5,0.694087403598972
"1041",2,41.7,0.55012853470437
"1042",3,43.4,0.447300771208226
"1043",4,37.8,0.655526992287918
"1044",5,39,0.393316195372751
"1045",6,24.9,0.44987146529563
"1046",7,30.1,0.475578406169666
"1047",1,39,0.416452442159383
"1048",2,37.9,0.552699228791774
"1049",3,40.8,0.506426735218509
"1050",4,47.9,0.529562982005141
"1051",5,36.2,0.670951156812339
"1052",6,39.5,0.606683804627249
"1053",7,43.7,0.496143958868895
"1054",1,35,0.480719794344473
"1055",2,39.2,0.665809768637532
"1056",3,42.1,0.434447300771208
"1057",4,29.2,0.390745501285347
"1058",5,37.2,0.102827763496144
"1059",6,44.8,0.462724935732648
"1060",7,48.8,0.542416452442159
"1061",1,38.9,0.413881748071979
"1062",2,46.3,0.696658097686375
"1063",3,55.8,0.719794344473008
"1064",4,44.3,0.688946015424165
"1065",5,47.3,0.634961439588689
"1067",7,44.2,0.655526992287918
"1068",1,44.6,0.444730077120823
"1069",2,57.1,0.786632390745501
"1070",3,41.3,0.532133676092545
"1071",4,31.7,0.537275064267352
"1072",5,25.6,0.313624678663239
"1073",6,25.2,0.596401028277635
"1074",7,30,0.401028277634961
"1075",1,26.9,0.413881748071979
"1076",2,31.5,0.606683804627249
"1077",3,25.2,0.465295629820051
"1078",4,27.9,0.506426735218509
"1079",5,25.2,0.552699228791774
"1080",6,26.8,0.681233933161954
"1081",7,39.5,0.691516709511568
"1082",1,38.8,0.580976863753213
"1083",2,43.7,0.573264781491003
"1084",3,44.2,0.668380462724936
"1085",4,35.1,0.516709511568123
"1086",5,36.1,0.627249357326478
"1087",6,38.7,0.722365038560411
"1088",7,32.8,0.542416452442159
"1089",1,22.4,0
"1091",3,3.6,0.0591259640102828
"1092",4,2.3,0.051413881748072
"1093",5,7.2,0.251928020565553
"1094",6,12.7,0.182519280205656
"1095",7,10.5,0.303341902313625
"1096",1,1.1,0.0976863753213368
"1098",3,-2.8,0.142487046632124
"1099",4,12.2,0.181347150259067
"1100",5,8.3,0.251295336787565
"1101",6,5.3,0.411917098445596
"1102",7,6.7,0.209844559585492
"1103",1,17.7,0.0725388601036269
"1104",2,34,0.295336787564767
"1105",3,30.5,0.380829015544041
"1106",4,38.6,0.55699481865285
"1107",5,56.6,0.505181347150259
"1108",6,24.3,0.523316062176166
"1109",7,14,0.290155440414508
"1110",1,13.2,0.152849740932642
"1111",2,19,0.0647668393782383
"1112",3,14.4,0.282383419689119
"1113",4,14.3,0.373056994818653
"1114",5,22.6,0.313471502590674
"1115",6,32.6,0.528497409326425
"1116",7,39.7,0.582901554404145
"1117",1,41.8,0.551813471502591
"1118",2,48.9,0.567357512953368
"1119",3,36,0.551813471502591
"1120",4,29.4,0.27979274611399
"1121",5,32.9,0.352331606217617
"1122",6,43.4,0.66839378238342
"1123",7,48.5,0.645077720207254
"1124",1,36.3,0.430051813471503
"1125",2,28.4,0.380829015544041
"1126",3,22.2,0.339378238341969
"1127",4,35.8,0.525906735751295
"1128",5,28.8,0.601036269430052
"1129",6,11.8,0.437823834196891
"1130",7,27.6,0.321243523316062
"1131",1,26.7,0.0181347150259067
"1132",2,6.6,0.0984455958549223
"1133",3,13.4,0.215025906735751
"1134",4,18.4,0.0984455958549223
"1135",5,14.4,0.132124352331606
"1136",6,24.8,0
"1137",7,21,0.0751295336787565
"1138",1,22.4,0.0829015544041451
"1139",2,16.9,0.173575129533679
"1140",3,24.5,0.360103626943005
"1141",4,34,0.404145077720207
"1142",5,41.5,0.5
"1143",6,36.2,0.409326424870466
"1144",7,25.4,0.256476683937824
"1145",1,29,0.212435233160622
"1146",2,44.5,0.308290155440414
"1147",3,59.3,0.362694300518135
"1148",4,32.8,0.347150259067358
"1149",5,34.6,0.44559585492228
"1150",6,40.7,0.430051813471503
"1151",7,37.7,0.455958549222798
"1152",1,41.6,0.38860103626943
"1153",2,41.9,0.310880829015544
"1154",3,50.1,0.481865284974093
"1155",4,51.8,0.367875647668394
"1156",5,39.5,0.83419689119171
"1157",6,37.4,0.481865284974093
"1158",7,38.1,0.411917098445596
"1159",1,38.6,0.370466321243523
"1160",2,37.9,0.414507772020725
"1161",3,36.1,0.383419689119171
"1162",4,31.7,0.39119170984456
"1163",5,28.8,0.401554404145078
"1164",6,30.1,0.621761658031088
"1165",7,33.4,0.463730569948187
"1166",1,35.1,0.295336787564767
"1167",2,36.9,0.404145077720207
"1168",3,31.8,0.344559585492228
"1169",4,31.7,0.411917098445596
"1170",5,39.9,0.481865284974093
"1171",6,32.6,0.510362694300518
"1172",7,36.7,0.704663212435233
"1173",1,40.8,0.474093264248705
"1174",2,41.5,0.398963730569948
"1175",3,33.8,0.536269430051813
"1176",4,34.3,0.474093264248705
"1177",5,35.3,0.427461139896373
"1178",6,36.7,0.639896373056995
"1179",7,36.8,0.373056994818653
"1180",1,34.6,0.44559585492228
"1181",2,41.4,0.494818652849741
"1182",3,49.9,0.435233160621762
"1183",4,45.7,0.476683937823834
"1184",5,45.4,0.321243523316062
"1185",6,39.6,0.515544041450777
"1186",7,46,0.479274611398964
"1187",1,33.8,0.585492227979275
"1188",2,33.1,0.437823834196891
"1189",3,40.2,0.259067357512953
"1190",4,32.8,0.50259067357513
"1191",5,32.3,0.432642487046632
"1192",6,35.6,0.492227979274611
"1193",7,29.2,0.336787564766839
"1194",1,31.9,0.290155440414508
"1195",2,34.5,0.404145077720207
"1196",3,37.1,0.538860103626943
"1197",4,48.5,0.683937823834197
"1198",5,59.5,0.637305699481865
"1199",6,45.8,0.715025906735751
"1200",7,40.4,0.476683937823834
"1201",1,36.7,0.253886010362694
"1202",2,31.3,0.590673575129534
"1203",3,35,0.50259067357513
"1204",4,35.1,0.316062176165803
"1205",5,41.1,0.567357512953368
"1206",6,46.8,0.772020725388601
"1207",7,47.2,0.44559585492228
"1208",1,51,0.5
"1209",2,51.9,0.546632124352332
"1210",3,55.8,0.538860103626943
"1211",4,49,0.634715025906736
"1212",5,49.3,0.590673575129534
"1213",6,51.9,0.691709844559586
"1214",7,43.9,0.450777202072539
"1215",1,44.5,0.569948186528497
"1216",2,57.9,0.738341968911917
"1218",4,77.2,0.735751295336788
"1219",5,65.4,0.613989637305699
"1220",6,67.9,0.800518134715026
"1221",7,70.7,0.904145077720207
"1222",1,63.5,0.544041450777202
"1223",2,60.3,0.774611398963731
"1224",3,69.8,0.772020725388601
"1225",4,71.1,0.743523316062176
"1226",5,66.1,0.709844559585492
"1227",6,53.5,0.580310880829015
"1228",7,49.1,0.50259067357513
"1229",1,54.4,0.479274611398964
"1230",2,63.8,0.733160621761658
"1231",3,64,0.616580310880829
"1232",4,62.6,0.658031088082902
"1233",5,65.2,0.748704663212435
"1234",6,58.4,0.764248704663212
"1235",7,61.1,0.658031088082902
"1236",1,51.5,0.66839378238342
"1237",2,54.8,0.544041450777202
"1238",3,60,0.756476683937824
"1239",4,63.7,0.715025906735751
"1240",5,71.8,0.816062176165803
"1241",6,78.5,0.77720207253886
"1242",7,78.3,0.901554404145078
"1243",1,83.4,0.976683937823834
"1244",2,84.1,0.992227979274611
"1245",3,77.7,0.955958549222798
"1246",4,77.5,0.886010362694301
"1247",5,77.7,0.870466321243523
"1249",7,60.9,0.813471502590674
"1250",1,67.5,0.854922279792746
"1251",2,68,0.738341968911917
"1252",3,67.2,0.639896373056995
"1253",4,63.5,0.803108808290155
"1254",5,73.8,0.678756476683938
"1255",6,65.6,0.696891191709845
"1256",7,66.5,0.805699481865285
"1257",1,65.5,0.585492227979275
"1258",2,64.1,0.629533678756477
"1259",3,70.6,0.746113989637306
"1260",4,75.1,0.637305699481865
"1261",5,72.9,0.652849740932642
"1262",6,76.6,0.867875647668394
"1263",7,82.2,0.83160621761658
"1264",1,86.3,0.836787564766839
"1265",2,86.7,0.880829015544041
"1266",3,73.3,0.751295336787565
"1267",4,70.4,0.994818652849741
"1268",5,66.5,0.419689119170984
"1269",6,63.2,0.564766839378238
"1270",7,68.3,0.867875647668394
"1271",1,73.7,0.94300518134715
"1272",2,70.1,0.904145077720207
"1273",3,74.9,0.751295336787565
"1274",4,73.3,0.83419689119171
"1275",5,76.1,0.821243523316062
"1276",6,83.5,0.712435233160622
"1277",7,87.3,0.937823834196891
"1279",2,77.2,0.919689119170985
"1280",3,78.5,0.83160621761658
"1281",4,83.9,0.839378238341969
"1282",5,80.3,0.870466321243523
"1283",6,74.8,0.994818652849741
"1284",7,71.7,0.844559585492228
"1285",1,75.6,0.829015544041451
"1286",2,80.1,0.769430051813471
"1287",3,82.2,0.790155440414508
"1288",4,78.3,0.601036269430052
"1289",5,79.3,0.759067357512953
"1290",6,82.1,0.813471502590674
"1291",7,78.3,0.733160621761658
"1292",1,81,0.795336787564767
"1293",2,83,0.725388601036269
"1294",3,77,0.621761658031088
"1295",4,72.6,0.867875647668394
"1296",5,76.7,0.707253886010363
"1297",6,75.7,0.818652849740933
"1298",7,71.5,0.764248704663212
"1299",1,71.6,0.751295336787565
"1300",2,73.6,0.883419689119171
"1301",3,75.7,0.759067357512953
"1302",4,79.1,0.784974093264249
"1303",5,77.5,0.766839378238342
"1304",6,71.1,0.764248704663212
"1305",7,71.9,0.782383419689119
"1306",1,72.4,0.702072538860104
"1307",2,72.5,0.717616580310881
"1308",3,74.3,0.841968911917098
"1310",5,77.7,0.898963730569948
"1311",6,77.1,1
"1313",1,84.5,0.919689119170985
"1314",2,79.3,0.769430051813471
"1315",3,76.5,0.725388601036269
"1316",4,74.6,0.743523316062176
"1317",5,78.5,0.681347150259067
"1318",6,77.8,0.911917098445596
"1319",7,78.4,0.919689119170985
"1320",1,79.9,0.873056994818653
"1321",2,77.9,0.823834196891192
"1322",3,80.5,0.839378238341969
"1323",4,80.2,0.756476683937824
"1324",5,77.3,0.860103626943005
"1325",6,75.7,0.790155440414508
"1327",1,76.5,0.746113989637306
"1328",2,75.8,0.626943005181347
"1329",3,73.1,0.562176165803109
"1330",4,71.1,0.893782383419689
"1331",5,70.9,0.577720207253886
"1332",6,69.2,0.738341968911917
"1333",7,72.9,0.857512953367876
"1334",1,83.5,0.746113989637306
"1335",2,86.2,0.826424870466321
"1336",3,83.1,0.769430051813471
"1337",4,72.2,0.637305699481865
"1338",5,68.5,0.816062176165803
"1339",6,72.4,0.849740932642487
"1341",1,82.3,0.847150259067358
"1342",2,78.6,0.702072538860104
"1343",3,79.9,0.816062176165803
"1344",4,83.1,0.549222797927461
"1345",5,70.6,0.60880829015544
"1346",6,68.9,0.580310880829015
"1347",7,67.1,0.738341968911917
"1348",1,65,0.411917098445596
"1349",2,66.6,0.546632124352332
"1350",3,67.5,0.484455958549223
"1351",4,68.5,0.541450777202073
"1352",5,66.9,0.471502590673575
"1353",6,70.6,0.94559585492228
"1354",7,70.3,0.77979274611399
"1355",1,74.9,0.813471502590674
"1356",2,79.1,0.727979274611399
"1357",3,75.3,0.601036269430052
"1358",4,71.1,0.663212435233161
"1359",5,78.1,0.839378238341969
"1360",6,78.4,0.829015544041451
"1361",7,60.3,0.761658031088083
"1362",1,61.2,0.595854922279793
"1363",2,65.1,0.753886010362694
"1364",3,73.2,0.637305699481865
"1365",4,61.5,0.639896373056995
"1366",5,59,0.525906735751295
"1367",6,58.2,0.743523316062176
"1368",7,51.2,0.588082901554404
"1369",1,59.3,0.61139896373057
"1371",3,64.1,0.549222797927461
"1372",4,71.3,0.44300518134715
"1373",5,66.2,0.49740932642487
"1374",6,58.3,0.386010362694301
"1375",7,64.9,0.572538860103627
"1376",1,59.2,0.551813471502591
"1377",2,70.9,0.61139896373057
"1378",3,77.3,0.624352331606218
"1379",4,72.9,0.567357512953368
"1380",5,51.3,0.450777202072539
"1381",6,40.2,0.518134715025907
"1382",7,41.6,0.619170984455959
"1383",1,47.9,0.510362694300518
"1384",2,44.5,0.518134715025907
"1385",3,44,0.419689119170984
"1386",4,47.6,0.479274611398964
"1387",5,45.5,0.569948186528497
"1388",6,49.1,0.676165803108808
"1389",7,47.4,0.77720207253886
"1390",1,38.1,0.360103626943005
"1391",2,47.8,0.544041450777202
"1392",3,48.6,0.598445595854922
"1393",4,44.3,0.77720207253886
"1394",5,44.9,0.559585492227979
"1395",6,48.9,0.839378238341969
"1396",7,49.8,0.733160621761658
"1397",1,47.7,0.544041450777202
"1398",2,46.9,0.564766839378238
"1399",3,53.5,0.673575129533679
"1400",4,55,0.984455958549223
"1402",6,45.2,0.725388601036269
"1403",7,43,0.717616580310881
"1404",1,49,0.466321243523316
"1405",2,48.3,0.523316062176166
"1406",3,48.3,0.66839378238342
"1407",4,38.5,0.466321243523316
"1408",5,35.9,0.440414507772021
"1409",6,35,0.551813471502591
"1410",7,25.3,0.378238341968912
"1411",1,33,0.370466321243523
"1412",2,34.5,0.471502590673575
"1413",3,25.2,0.269430051813472
"1414",4,25.8,0.347150259067358
"1415",5,32.1,0.484455958549223
"1416",6,34.2,0.590673575129534
"1417",7,34.8,0.424870466321244
"1418",1,34.4,0.321243523316062
"1419",2,28.4,0.347150259067358
"1420",3,32.3,0.50259067357513
"1421",4,32.6,0.61139896373057
"1422",5,33.9,0.0932642487046632
"1423",6,40.8,0.634715025906736
"1424",7,45.4,0.49740932642487
"1425",1,39.5,0.178756476683938
"1426",2,31.3,0.145077720207254
"1427",3,24,0.341968911917098
"1428",4,22.1,0.541450777202073
"1429",5,31,0.440414507772021
"1430",6,36.2,0.639896373056995
"1431",7,38.5,0.800518134715026
"1432",1,43.4,0.533678756476684
"1433",2,34.8,0.686528497409326
"1434",3,30.8,0.567357512953368
"1435",4,28.3,0.533678756476684
"1436",5,30.7,0.55440414507772
"1437",6,21.5,0.626943005181347
"1438",7,24.5,0.606217616580311
"1439",1,25.1,0.479274611398964
"1440",2,24,0.546632124352332
"1441",3,30.5,0.430051813471503
"1442",4,36,0.658031088082902
"1443",5,34.3,0.536269430051813
"1444",6,40.6,0.746113989637306
"1445",7,38.5,0.619170984455959
"1446",1,36.9,0.634715025906736
"1447",2,35.6,0.536269430051813
"1448",3,30.5,0.544041450777202
"1449",4,40.1,0.60880829015544
"1450",5,45.4,0.733160621761658
"1451",6,36.9,0.766839378238342
"1452",7,31.3,0.660621761658031
"1453",1,34.4,0.341968911917098
"1454",2,30.3,0.269430051813472
"1456",4,36.7,0.316062176165803
"1457",5,43.8,0.316062176165803
"1458",6,43.2,0.569948186528497
"1459",7,29.5,0.494818652849741
"1460",1,27,0.427461139896373
"1461",2,36.4,0.370466321243523
"1463",4,29.5,0.382428940568475
"1464",5,30.8,0.635658914728682
"1465",6,37.9,0.677002583979328
"1466",7,39.8,0.739018087855297
"1467",1,40.2,0.408268733850129
"1468",2,45.6,0.439276485788114
"1469",3,42.8,0.501291989664083
"1470",4,23.8,0.322997416020672
"1471",5,19.4,0.465116279069767
"1472",6,26.7,0.718346253229974
"1473",7,30.3,0.428940568475452
"1474",1,30.3,0.17312661498708
"1475",2,26.2,0.333333333333333
"1476",3,26.4,0.490956072351421
"1477",4,32.4,0.498708010335917
"1478",5,31.5,0.37984496124031
"1479",6,31.5,0.416020671834625
"1480",7,27.6,0.0361757105943152
"1482",2,10.9,0.129198966408269
"1483",3,20.3,0.304909560723514
"1484",4,31.4,0.400516795865633
"1485",5,17.9,0.260981912144703
"1486",6,2.8,0.20671834625323
"1487",7,4.6,0.0645994832041344
"1488",1,5.5,0.041343669250646
"1489",2,20.4,0.0387596899224806
"1493",6,9.2,0.689922480620155
"1494",7,26.6,0.560723514211886
"1495",1,41,0.229974160206718
"1496",2,47.3,0.591731266149871
"1497",3,30.8,0.37984496124031
"1498",4,34.5,0.335917312661499
"1499",5,35.9,0.423772609819121
"1500",6,11.5,0.351421188630491
"1501",7,13.5,0.645994832041344
"1502",1,24.9,0.341085271317829
"1503",2,29.6,0.30749354005168
"1504",3,31.6,0.410852713178295
"1505",4,20.6,0.354005167958656
"1506",5,36.8,0.609819121447028
"1507",6,23.7,0.602067183462532
"1508",7,22.2,0.439276485788114
"1509",1,26.7,0.286821705426357
"1510",2,26.8,0.217054263565891
"1511",3,24.1,0.271317829457364
"1512",4,31.6,0.328165374677003
"1513",5,31.9,0.490956072351421
"1514",6,30.4,0.532299741602067
"1515",7,35.6,0.364341085271318
"1516",1,36.3,0.10594315245478
"1517",2,15.6,0.229974160206718
"1518",3,21.5,0.263565891472868
"1519",4,26.3,0.369509043927649
"1520",5,20.1,0.227390180878553
"1521",6,28.6,0.633074935400517
"1522",7,30.8,0.405684754521964
"1523",1,23.8,0.116279069767442
"1524",2,6.6,0.0981912144702842
"1525",3,13.2,0.0904392764857881
"1526",4,18.1,0.317829457364341
"1527",5,24.2,0.266149870801034
"1528",6,29.4,0.545219638242894
"1529",7,35,0.286821705426357
"1530",1,37.9,0.27390180878553
"1531",2,33.3,0.501291989664083
"1532",3,36.3,0.31266149870801
"1533",4,47.1,0.470284237726098
"1534",5,56.2,0.434108527131783
"1535",6,38.6,0.589147286821705
"1536",7,35.5,0.671834625322997
"1537",1,36,0.27390180878553
"1538",2,36.1,0.374677002583979
"1539",3,39.8,0.354005167958656
"1540",4,42.5,0.478036175710594
"1541",5,40.4,0.472868217054264
"1542",6,40.6,0.524547803617571
"1543",7,37.9,0.475452196382429
"1544",1,46,0.366925064599483
"1545",2,37.6,0.343669250645995
"1546",3,36.1,0.426356589147287
"1547",4,42.8,0.496124031007752
"1548",5,53.5,0.457364341085271
"1549",6,47.5,0.434108527131783
"1550",7,40.2,0.405684754521964
"1551",1,31.9,0.338501291989664
"1552",2,36.5,0.733850129198966
"1553",3,44.9,0.392764857881137
"1554",4,47,0.449612403100775
"1555",5,46.7,0.403100775193798
"1556",6,45,0.509043927648579
"1557",7,52.3,0.609819121447028
"1558",1,59.4,0.509043927648579
"1559",2,62.7,0.614987080103359
"1560",3,60.9,0.483204134366925
"1561",4,41.6,0.395348837209302
"1562",5,45.6,0.622739018087855
"1563",6,50.6,0.702842377260982
"1564",7,44.3,0.640826873385013
"1565",1,37.1,0.0775193798449612
"1566",2,39.9,0.560723514211886
"1567",3,57.8,0.521963824289406
"1568",4,57.9,0.478036175710594
"1569",5,58.6,0.31266149870801
"1570",6,44.5,0.372093023255814
"1571",7,50.6,0.578811369509044
"1572",1,59.6,0.359173126614987
"1573",2,68.4,0.591731266149871
"1574",3,59.1,0.609819121447028
"1575",4,53.9,0.506459948320413
"1576",5,57.7,0.671834625322997
"1577",6,56.5,0.656330749354005
"1578",7,42.9,0.317829457364341
"1579",1,41.5,0.255813953488372
"1580",2,46.8,0.545219638242894
"1581",3,46.1,0.576227390180879
"1582",4,52.9,0.785529715762274
"1583",5,45.8,0.496124031007752
"1584",6,48.6,0.736434108527132
"1585",7,50.9,0.498708010335917
"1586",1,58.8,0.705426356589147
"1587",2,60.7,0.733850129198966
"1588",3,47.4,0.501291989664083
"1589",4,53.7,0.65374677002584
"1590",5,63.2,0.596899224806202
"1591",6,50.1,0.754521963824289
"1592",7,48.1,0.490956072351421
"1593",1,47.2,0.322997416020672
"1594",2,50.4,0.733850129198966
"1595",3,55.7,0.550387596899225
"1596",4,63.6,0.664082687338501
"1597",5,67,0.604651162790698
"1598",6,57.5,0.695090439276486
"1599",7,58,0.651162790697674
"1600",1,66.1,0.69250645994832
"1601",2,54.1,0.780361757105943
"1602",3,49.5,0.573643410852713
"1603",4,63.9,0.68733850129199
"1604",5,72.1,0.68733850129199
"1605",6,64.5,0.881136950904393
"1606",7,76.4,0.953488372093023
"1607",1,70.9,0.82687338501292
"1608",2,62.7,0.622739018087855
"1609",3,65.7,0.622739018087855
"1610",4,60,0.599483204134367
"1611",5,66.9,0.617571059431525
"1612",6,71.4,0.839793281653747
"1614",1,60.9,0.589147286821705
"1615",2,58.9,0.51937984496124
"1616",3,67,0.684754521963824
"1617",4,75.5,0.731266149870801
"1618",5,66.4,0.607235142118863
"1619",6,67.3,0.819121447028424
"1620",7,68.6,0.984496124031008
"1621",1,69.7,0.772609819121447
"1622",2,68.3,0.754521963824289
"1623",3,69.9,0.697674418604651
"1624",4,69.5,0.540051679586563
"1625",5,59,0.503875968992248
"1626",6,66,0.775193798449612
"1627",7,67.4,0.839793281653747
"1628",1,59.9,0.555555555555556
"1629",2,59.8,0.635658914728682
"1630",3,65.1,0.542635658914729
"1631",4,67.4,0.767441860465116
"1632",5,60.4,0.583979328165375
"1633",6,63,0.708010335917313
"1634",7,69.1,0.824289405684755
"1635",1,74.2,0.780361757105943
"1636",2,73.2,0.785529715762274
"1637",3,74,0.718346253229974
"1638",4,79.3,0.754521963824289
"1639",5,77.9,0.630490956072351
"1640",6,78.5,0.881136950904393
"1641",7,80.4,0.925064599483204
"1642",1,78.4,0.770025839793282
"1644",3,84.9,0.679586563307494
"1645",4,77.3,0.775193798449612
"1646",5,78.8,0.757105943152455
"1647",6,82.8,0.994832041343669
"1648",7,80.1,0.798449612403101
"1649",1,72,0.695090439276486
"1650",2,73.3,0.839793281653747
"1651",3,76.8,0.612403100775194
"1652",4,85,0.855297157622739
"1653",5,78.7,0.666666666666667
"1654",6,74.1,0.72609819121447
"1655",7,82.4,1
"1656",1,80.2,0.733850129198966
"1657",2,82.3,0.816537467700258
"1658",3,77.6,0.643410852713178
"1659",4,81.6,0.767441860465116
"1660",5,79.2,0.656330749354005
"1661",6,86.5,0.762273901808786
"1662",7,86,0.82687338501292
"1663",1,75.7,0.69250645994832
"1664",2,71.9,0.733850129198966
"1665",3,70.8,0.72609819121447
"1666",4,71.7,0.617571059431525
"1667",5,74.3,0.757105943152455
"1668",6,76.7,0.801033591731266
"1669",7,80.2,0.824289405684755
"1670",1,81.5,0.842377260981912
"1671",2,77.5,0.798449612403101
"1672",3,73.3,0.697674418604651
"1673",4,70.3,0.534883720930233
"1675",6,74.2,0.968992248062015
"1676",7,76.5,0.937984496124031
"1677",1,79.4,0.868217054263566
"1678",2,80.1,0.780361757105943
"1679",3,77.1,0.715762273901809
"1680",4,77.8,0.702842377260982
"1681",5,80.2,0.806201550387597
"1682",6,73.8,0.746770025839793
"1683",7,75,0.754521963824289
"1684",1,75.7,0.764857881136951
"1685",2,77.3,0.524547803617571
"1686",3,76.1,0.661498708010336
"1687",4,73.8,0.741602067183463
"1688",5,71.5,0.790697674418605
"1689",6,73.2,0.69250645994832
"1690",7,74.7,0.788113695090439
"1691",1,75.1,0.65374677002584
"1692",2,77.8,0.72609819121447
"1693",3,75.9,0.581395348837209
"1694",4,74,0.558139534883721
"1695",5,74.3,0.640826873385013
"1696",6,70.6,0.708010335917313
"1697",7,69.4,0.806201550387597
"1698",1,70,0.671834625322997
"1699",2,72.2,0.576227390180879
"1700",3,72.9,0.581395348837209
"1701",4,69.6,0.635658914728682
"1702",5,71.5,0.68733850129199
"1703",6,70.8,0.671834625322997
"1704",7,68.3,0.695090439276486
"1705",1,67.4,0.979328165374677
"1706",2,71.3,0.700258397932817
"1707",3,73.1,0.436692506459948
"1708",4,68.4,0.457364341085271
"1709",5,64.8,0.364341085271318
"1710",6,68.4,0.68733850129199
"1711",7,68.1,0.591731266149871
"1712",1,66.1,0.55297157622739
"1713",2,67.5,0.702842377260982
"1714",3,79.4,0.555555555555556
"1715",4,81.6,0.627906976744186
"1716",5,74.2,0.718346253229974
"1717",6,75.1,0.803617571059432
"1718",7,68.4,0.666666666666667
"1719",1,71.6,0.715762273901809
"1720",2,72.2,0.775193798449612
"1721",3,70.3,0.700258397932817
"1722",4,72.6,0.643410852713178
"1723",5,74.3,0.731266149870801
"1724",6,76,0.801033591731266
"1725",7,76.6,0.648578811369509
"1726",1,73.2,0.390180878552972
"1727",2,68.8,0.671834625322997
"1728",3,68.1,0.643410852713178
"1729",4,70.8,0.532299741602067
"1730",5,66.8,0.527131782945736
"1731",6,64.7,0.418604651162791
"1732",7,63.6,0.498708010335917
"1733",1,64.1,0.532299741602067
"1734",2,73.9,0.635658914728682
"1735",3,79.7,0.953488372093023
"1736",4,68.3,0.576227390180879
"1737",5,63.1,0.571059431524548
"1738",6,54.1,0.540051679586563
"1739",7,56,0.558139534883721
"1740",1,60.3,0.423772609819121
"1741",2,60.1,0.617571059431525
"1742",3,59.8,0.529715762273902
"1743",4,61.7,0.583979328165375
"1744",5,62.9,0.359173126614987
"1745",6,60,0.573643410852713
"1746",7,44.2,0.578811369509044
"1747",1,48.1,0.493540051679587
"1748",2,46.5,0.459948320413437
"1749",3,52.3,0.607235142118863
"1750",4,49.5,0.607235142118863
"1751",5,47,0.439276485788114
"1752",6,49.2,0.511627906976744
"1753",7,56.3,0.545219638242894
"1754",1,56.7,0.55297157622739
"1755",2,58.3,0.529715762273902
"1756",3,50.8,0.397932816537468
"1757",4,49.2,0.498708010335917
"1758",5,48.6,0.542635658914729
"1759",6,46.9,0.630490956072351
"1760",7,44.9,0.134366925064599
"1761",1,50.3,0.503875968992248
"1762",2,48.8,0.392764857881137
"1763",3,42.3,0.333333333333333
"1764",4,38.5,0.183462532299742
"1765",5,36,0.211886304909561
"1766",6,33.1,0.878552971576227
"1767",7,39.5,0.408268733850129
"1768",1,40.4,0.550387596899225
"1769",2,48.6,0.426356589147287
"1770",3,39.1,0.333333333333333
"1771",4,40.9,0.400516795865633
"1772",5,30.2,0.400516795865633
"1773",6,24.6,0.449612403100775
"1774",7,34.8,0.527131782945736
"1775",1,42.1,0.374677002583979
"1777",3,14.9,0.10077519379845
"1778",4,17.3,0.186046511627907
"1779",5,28.4,0.186046511627907
"1780",6,28.5,0.645994832041344
"1781",7,34.7,0.405684754521964
"1782",1,34.2,0.503875968992248
"1783",2,37.9,0.457364341085271
"1784",3,38.3,0.457364341085271
"1785",4,42.5,0.576227390180879
"1786",5,47.8,0.403100775193798
"1787",6,37.2,0.571059431524548
"1788",7,32.4,0.506459948320413
"1789",1,39.4,0.496124031007752
"1790",2,45.5,0.478036175710594
"1791",3,42.1,0.444444444444444
"1792",4,45.8,0.338501291989664
"1793",5,35.2,0
"1794",6,37.2,0.366925064599483
"1795",7,38.5,0.405684754521964
"1796",1,40.5,0.547803617571059
"1797",2,33.3,0.524547803617571
"1798",3,33.5,0.472868217054264
"1799",4,37.6,0.62015503875969
"1800",5,36.8,0.501291989664083
"1801",6,39.2,0.594315245478036
"1802",7,32,0.501291989664083
"1803",1,39.9,0.423772609819121
"1804",2,47.2,0.51421188630491
"1805",3,23.2,0.436692506459948
"1806",4,19.2,0.255813953488372
"1807",5,30.1,0.387596899224806
"1808",6,39.7,0.581395348837209
"1809",7,34.2,0.454780361757106
"1810",1,24.8,0.385012919896641
"1811",2,27.8,0.304909560723514
"1812",3,26.6,0.423772609819121
"1813",4,21.3,0.377260981912145
"1814",5,24.3,0.457364341085271
"1815",6,31.3,0.560723514211886
"1816",7,39,0.62015503875969
"1817",1,40.4,0.449612403100775
"1818",2,42.8,0.467700258397933
"1819",3,40.8,0.302325581395349
"1820",4,48.8,0.0155038759689922
"1821",5,56.3,0.263565891472868
"1822",6,38.3,0.478036175710594
"1823",7,36,0.341085271317829
"1824",1,54.3,0.472868217054264
"1825",2,39,0.281653746770026
"1826",3,27.7,0.10594315245478
